-0.008952005300013033 2.3368965958732744e-11 1.2046840046211959e-18 2.50580766467172e-14
-0.008951866892294519 7.389916534886976e-11 7.68142669735071e-18 7.92405959867008e-14
-0.00895158781212188 2.336897202177145e-10 4.8979081552033876e-17 2.50580766467172e-13
-0.008951025085399715 7.389920400862394e-10 3.123053208993289e-16 7.92405959867008e-13
-0.00894989042494598 2.3368996672390627e-09 1.991352438048785e-15 2.50580766467172e-12
-0.008947602541364104 7.3899361188368835e-09 1.269746068079674e-14 7.92405959867008e-12
-0.008942989353192628 2.336909689491237e-08 8.096281936830544e-14 2.50580766467172e-11
-0.008933687555392618 7.39000002372408e-08 5.16243230426259e-13 7.92405959867008e-11
-0.008914932016434835 2.3369504371648624e-07 3.2917217438856585e-12 2.50580766467172e-10
-0.008886934537559952 5.870067904009052e-07 1.4489576533093352e-11 6.29410234040288e-10
-0.008840511859065342 1.474576944846038e-06 6.097748881808697e-11 1.58104849886544e-09
-0.008767310236106895 3.7042006343685817e-06 2.44472535897015e-10 3.97146890586824e-09
-0.008747107277952925 4.66300977556738e-06 3.287346116804914e-10 4.99938025672213e-09
-0.008664015114668992 9.303140071098812e-06 8.970035515525865e-10 9.97366035816307e-09
-0.008554047920913391 1.856713944464576e-05 2.3959683714989993e-09 1.99038194110668e-08
-0.008410834045465594 3.705722568287788e-05 6.288401204612557e-09 3.97209640718649e-08
-0.008226525540274733 7.393769361520528e-05 1.6277332740368888e-08 7.92418564452663e-08
-0.007991041529487448 0.0001475441660371546 4.173098055864158e-08 1.58101406297455e-07
-0.007913436203750504 0.00018575507435379353 5.462032775934843e-08 1.99033206564924e-07
-0.007714673933558959 0.00029449502072582284 1.0182709306475004e-07 3.15499695463202e-07
-0.007482208742411685 0.00046673106502119894 1.8933963467963657e-07 4.99934080568851e-07
-0.007351466708229224 0.0005877103930243357 2.5809948880561876e-07 6.29458589212406e-07
-0.007262051245494893 0.0006813744001746012 3.1479511398040595e-07 7.29727457487442e-07
-0.0071172624777860495 0.000902082716603385 4.2881145391294377e-07 9.65971146546113e-07
-0.006799669778952815 0.001430145402119852 7.951139495295401e-07 1.53107000415745e-06
-0.006435138948953301 0.0023411438029064396 1.472711057461947e-06 2.50562661931723e-06
-0.006016288183164557 0.0037118719624942274 2.7266407608866774e-06 3.97141379770464e-06
-0.005818409108983921 0.004512468349038193 3.5392572187391957e-06 4.82727428613838e-06
-0.005567709756699478 0.0056821005002608005 4.814439967984683e-06 6.07736284802167e-06
-0.005301403802350179 0.007412446858459627 6.550938829457216e-06 7.92625465087822e-06
-0.005019363737661131 0.009332261984240156 8.907526557229518e-06 9.97703609874371e-06
-0.004714587727235939 0.011751829870054162 1.2114236117832144e-05 1.25609035335829e-05
-0.0044425349388699815 0.014237270467314949 1.564599226157578e-05 1.5214353983086e-05
-0.004098453706559459 0.018631531157149293 2.127804940407669e-05 1.99041938317933e-05
-0.0037342713054454653 0.023460235975874776 2.8929145899549617e-05 2.50558859045481e-05
-0.003415134621341812 0.02832447813458522 3.718657929049712e-05 3.02437264418389e-05
-0.003005222344325195 0.03720815154363923 5.056349636591548e-05 3.97148963129425e-05
-0.0025716834523270824 0.04686468293108637 6.875985412598225e-05 5.00057205192782e-05
-0.0021527212516969925 0.05766593704829813 9.063798952970386e-05 6.15115619502737e-05
-0.0021055090344589255 0.0613678271242965 9.345089265303951e-05 6.54540322464242e-05
-0.001626897572573726 0.07958921216467837 0.00012708071221647445 8.48543390899079e-05
-0.0012244495265907674 0.09565483726890485 0.00016233576469561444 0.000101951949234728
-0.0010397065127590716 0.1037050962629024 0.00018077590739303692 0.000110516834614163
-0.000815232711424573 0.117870255288097 0.00020565447279498322 0.000125584418787288
-0.0002685675003270467 0.153502651208356 0.0002796025704595623 0.000163471959083754
0.00022470552099316336 0.18697120743727866 0.00036355210145155696 0.000199040377780961
0.0007352554164215569 0.23549717079283816 0.0004711925276378673 0.000250584885047483
0.0008050620011179608 0.24173735317864423 0.00048788241950299216 0.000257211369324703
0.0008269079737948766 0.2437127546069157 0.0004931956809581816 0.000259308963120565
0.0009426476337241936 0.25435922780714304 0.0005220748196910943 0.000270613214320415
0.0011197603931613297 0.27124803338806025 0.0005687065025801694 0.000288542839998925
0.001208705684968484 0.2800061862995574 0.000593272523190634 0.000297839506320659
0.0012834479052847233 0.28751085499269485 0.0006145255690113922 0.000305804963744281
0.001488363232759195 0.32139553567532514 0.0006769720183494432 0.000341765071242143
0.0025662975972803146 1.188841759478734 0.0013468805244113995 0.0012616
0.003106711697722671 1.786276689974151 0.0021423070187324214 0.0018947
0.003644284161776512 2.5207471774635044 0.0032929094140932897 0.0026726
0.004180224105421272 3.402696293777822 0.004874198532115992 0.0036062
0.004715054399804089 4.445702621508069 0.006967873581293855 0.0047097
0.0057826278046874775 7.081702721239162 0.013060621746438844 0.0074963
0.006847480598360672 10.58612332855237 0.0224038357429939 0.011197
0.00791064709305968 15.13826400848197 0.036012035964108756 0.015999
0.008972426376528462 20.902329960509135 0.05508101878199252 0.022073
0.01003304580604161 27.935975418153117 0.08093034830628108 0.029477
0.011623698661239374 40.49915828131689 0.13514436783670325 0.042684
0.013743438197647874 59.09828533287479 0.24050321704519695 0.0622
0.014903984647114106 69.57361225994924 0.31543270535502876 0.073174
0.015189119711945262 72.23396703921804 0.3357418659055121 0.075959
0.01666316793896846 80.87785803670226 0.4492331305883605 0.085
0.017287037325446238 85.66329839012707 0.5014781179324478 0.09
0.01792958092425649 90.45176897833544 0.5583987753571017 0.095
0.01859335660513734 95.2433673558562 0.6204201637787377 0.1
0.019279962901995622 100.03820125542482 0.6879110860513042 0.105
0.019990703008087973 104.83638558574765 0.7612340941329198 0.11
0.02072779318116652 109.63804389431574 0.8408705070024665 0.115
0.02149165839620211 114.44330640801702 0.9271328694514263 0.12
0.022283721173450777 119.2523080341139 1.0204587441878727 0.125
0.023104713732875384 124.0651891995018 1.1212231849615848 0.13
0.023955272849676443 128.88209396096312 1.2298012455223406 0.135
0.02483689544152649 133.7031718336319 1.3466929975365105 0.14
0.025749542289570215 138.52857629356956 1.4722109857955763 0.145
0.026693605195945352 143.35846205042083 1.6067302640493162 0.15
0.027670271662785094 148.19298801867845 1.7507509039641003 0.155
0.028678960822311195 153.03231510012563 1.9045229413731155 0.16
0.029719928922884498 157.8766038401019 2.0684214300261385 0.165
0.03079493405503828 162.72602009029904 2.243071459506133 0.17
0.031902951257590254 167.58073210727798 2.4286605566879893 0.175
0.03304484365996631 172.44090821389588 2.6256887932380764 0.18
0.03422068352445538 177.30671959335632 2.834531222906173 0.185
0.03543052389398467 182.17833831275868 3.055562899442058 0.19
0.03667406764318738 187.05593645411756 3.2890963676372125 0.195
0.03795232349431404 191.93968840313005 3.5356942081163023 0.2
0.03926463033891898 196.82977009678996 3.7956064567125156 0.205
0.040611901365663707 201.72635869380204 4.069395694050518 0.21
0.04199286902227149 206.62963124476883 4.357186938046902 0.215
0.04340897786567871 211.5397658387515 4.6596677872429275 0.22
0.04485927017412648 216.45694256630182 4.977025768513482 0.225
0.04634451520711642 221.38134174009227 5.309823462483238 0.23
0.0478640526881961 226.31314475298464 5.658310904985374 0.235
0.04941858482545295 231.2525338411372 6.023050676644562 0.24
0.05100640964652434 236.19968964950613 6.404042777460799 0.245
0.05262974403329974 241.15479478845285 6.802224841808533 0.25
0.055943100688725385 251.0894301916887 7.641720151728482 0.26
0.05942111138975603 261.0578536293962 8.56060183868479 0.27
0.06306971372528168 271.0618568241624 9.564495708924131 0.28
0.0668894973546322 281.103283201463 10.657777389527247 0.29
0.07091423930485802 291.18416550442487 11.854823940902303 0.3
0.07511497533451314 301.30659070089354 13.15188482555151 0.31
0.07953180637744492 311.4727191711037 14.566462551797857 0.32
0.08412307981521333 321.6847386881168 16.090430955062804 0.33
0.08890200661465228 331.9447128101627 17.73316637909082 0.34
0.09390985636745143 342.2550104493227 19.514671690536726 0.35
0.09910019520853283 352.61801529573967 21.42432036649014 0.36
0.10451121161592859 363.03609337673265 23.4821152736059 0.37
0.11012925055071013 373.51177929080103 25.68930659104993 0.38
0.11593541436467847 384.0474751211482 28.044644139656306 0.39
0.12193754292879763 394.6455592613 30.557504263169463 0.4
0.1281480778942372 405.30855603636184 33.239763663665734 0.41
0.13457083058830865 416.03911961341197 36.10017359530661 0.42
0.1411667134169989 426.83976253995894 39.12810753518168 0.43
0.14794466213894503 437.7128726002359 42.33419200620134 0.44
0.1549302806964951 448.6610673039326 45.73780478543747 0.45
0.1620904976473622 459.6869752015239 49.33019461872855 0.46
0.1694490964119454 470.7932171208164 53.13073928314647 0.47
0.17697102357921246 481.98240455390305 57.12881225578086 0.48
0.18467749002698605 493.25711621008634 61.343166224120615 0.49
0.19253979257308856 504.61994149651736 65.7656750235872 0.5
0.20057982197371138 516.0734774588639 70.41634152083546 0.51
0.20878885804835742 527.6204505367925 75.29829116378018 0.52
0.2171432568726452 539.2634544221195 80.40527305659178 0.53
0.2256607029086012 551.0050969138421 85.75603988675911 0.54
0.2431421446674978 574.7949754667138 97.1951792549907 0.56
0.2611804223640368 599.0112110017387 109.64696374762312 0.58
0.2798111266970618 623.6756002078105 123.20515680210092 0.6
0.2989048729418421 648.8097209029868 137.8447548351055 0.62
0.31851709988053517 674.435073039382 153.6782739715703 0.64
0.3385580643347688 700.5736461779042 170.70571421149532 0.66
0.3589270690204057 727.2458197631713 188.90832286739175 0.68
0.3797925348688631 754.47367123371 208.5111321891263 0.7
0.4009342478781445 782.2795507557456 229.38287336427678 0.72
0.4224076786527957 810.6843445253232 251.64856430943573 0.74
0.4441310643963339 839.7093980039376 275.295703232944 0.76
0.4661405035307167 869.37619206017 300.4368062597349 0.78
0.4884374542746121 899.7076065749397 327.1531350355939 0.8
0.5108869874877879 930.7253665831619 355.3571770189058 0.82
0.5335132358799017 962.4502145658696 385.1489465429451 0.84
0.5562536607836656 994.9029890971284 416.51594181605225 0.86
0.5791344807305634 1028.1046079411105 449.5644280673311 0.88
0.6021718365052542 1062.077386403735 484.39441963005595 0.9
0.625256190921707 1096.8427783843608 520.9121530667823 0.92
0.6484010286360585 1132.4211799205 559.2051409191247 0.94
0.6716307037176373 1168.8342415116665 599.3858993120168 0.96
0.6949097344950778 1206.1040423821898 641.466930037118 0.98
0.718180223770081 1244.2515174080722 685.4107277194504 1.0
0.7413853570386535 1283.2958900700066 731.1672851923765 1.02
0.7646799817681204 1323.2587147130453 779.1116562056751 1.04
0.7879078746067747 1364.1620672160777 828.9938049261605 1.06
0.8110996654925545 1406.0259234742616 880.9387492704252 1.08
0.8342281248495031 1448.8707049220259 934.9464892384693 1.1
0.8574977631960425 1492.7210903598148 991.5796054549604 1.12
0.8801328716248362 1537.589638195996 1048.9628291710073 1.14
0.9033618045804849 1583.4990056608658 1110.2841172597243 1.16
0.9260395858820702 1630.4743757549834 1172.6055486811827 1.18
0.9489053779405681 1678.531747205038 1237.989919059162 1.2
0.9715181485656574 1727.694452883129 1305.249558186032 1.22
0.9942348348654823 1777.9841561003075 1375.5096273111267 1.24
1.0163839555816485 1829.4147740834499 1446.7073308106665 1.26
1.038937686415309 1882.0078907264244 1522.0306255577652 1.28
1.0611547930675915 1935.7916168100055 1599.1041711371615 1.3
1.0831617295987144 1990.777864884643 1678.3655302569305 1.32
1.105135536832208 2046.9866808528602 1760.5023014583307 1.34
