-0.008952005300015387 2.336896595873269e-11 1.2046840046211959e-18 2.50580766467172e-14
-0.008951866892294519 7.389916534886976e-11 7.68142669735071e-18 7.92405959867008e-14
-0.008951587812124233 2.3368972021771393e-10 4.8979081552033876e-17 2.50580766467172e-13
-0.008951025085399715 7.389920400862394e-10 3.123053208993289e-16 7.92405959867008e-13
-0.008949890424948443 2.336899667239057e-09 1.991352438048785e-15 2.50580766467172e-12
-0.008947602541364104 7.3899361188368835e-09 1.269746068079674e-14 7.92405959867008e-12
-0.008942989353197445 2.3369096894912262e-08 8.096281936830544e-14 2.50580766467172e-11
-0.008933687555400124 7.390000023724024e-08 5.16243230426259e-13 7.92405959867008e-11
-0.008914932016437074 2.336950437164857e-07 3.2917217438856585e-12 2.50580766467172e-10
-0.008886873753280275 5.870068260825718e-07 1.4489576533093352e-11 6.29410234040288e-10
-0.008840333082628887 1.474577208476574e-06 6.097748881808697e-11 1.58104849886544e-09
-0.008766935989430489 3.7042020207451105e-06 2.44472535897015e-10 3.97146890586824e-09
-0.008746466705126804 4.663012762776265e-06 3.287346116804914e-10 4.99938025672213e-09
-0.00866326156290368 9.303147082175016e-06 8.970035515525865e-10 9.97366035816307e-09
-0.008553167471977936 1.856715579418064e-05 2.3959683714989993e-09 1.99038194110668e-08
-0.008409822348177779 3.7057263179953526e-05 6.288401204612557e-09 3.97209640718649e-08
-0.008225386917480842 7.393777782093024e-05 1.6277332740368888e-08 7.92418564452663e-08
-0.007989786106362216 0.000147544351320019 4.173098055864158e-08 1.58101406297455e-07
-0.007912993098129662 0.00018575515668713187 5.462032775934843e-08 1.99033206564924e-07
-0.007714201732598743 0.0002944951598347701 1.0182709306475004e-07 3.15499695463202e-07
-0.007481710344075959 0.0004667312977336096 1.8933963467963657e-07 4.99934080568851e-07
-0.007350965390825754 0.0005877106877832476 2.5809948880561876e-07 6.29458589212406e-07
-0.007261549248678822 0.0006813747423804927 3.1479511398040595e-07 7.29727457487442e-07
-0.007116304049049334 0.0009020835815967835 4.2881145391294377e-07 9.65971146546113e-07
-0.006798692525971841 0.0014301468005114202 7.951139495295401e-07 1.53107000415745e-06
-0.006435084263536273 0.0023411439310134043 1.472711057461947e-06 2.50562661931723e-06
-0.006016219371919053 0.003711872218100393 2.7266407608866774e-06 3.97141379770464e-06
-0.005818339426807632 0.004512468663723441 3.5392572187391957e-06 4.82727428613838e-06
-0.00556763870014916 0.005682100904353373 4.814439967984683e-06 6.07736284802167e-06
-0.005302996836410236 0.007412435039752857 6.550938829457216e-06 7.92625465087822e-06
-0.0050209551942605995 0.00933224711818612 8.907526557229518e-06 9.97703609874371e-06
-0.0047161776676490595 0.011751811166098882 1.2114236117832144e-05 1.25609035335829e-05
-0.004444123946377852 0.01423724781934168 1.564599226157578e-05 1.5214353983086e-05
-0.004101366104409061 0.018631476832826982 2.127804940407669e-05 1.99041938317933e-05
-0.003737181896797014 0.02346016760861341 2.8929145899549617e-05 2.50558859045481e-05
-0.003418043969166873 0.0283243956207577 3.718657929049712e-05 3.02437264418389e-05
-0.0030115711488053203 0.03720791499609316 5.056349636591548e-05 3.97148963129425e-05
-0.0025780289905752035 0.046864385114074966 6.875985412598225e-05 5.00057205192782e-05
-0.002159063844676574 0.0576655707230125 9.063798952970386e-05 6.15115619502737e-05
-0.002112428015722328 0.06136740187633663 9.345089265303951e-05 6.54540322464242e-05
-0.0016315138047888582 0.07958884417660848 0.00012708071221647445 8.48543390899079e-05
-0.0012290638641513317 0.09565439513714445 0.00016233576469561444 0.000101951949234728
-0.0010443200852640396 0.1037046169790045 0.00018077590739303692 0.000110516834614163
-0.0008230304160145792 0.11786933457062322 0.00020565447279498322 0.000125584418787288
-0.00026722546991473007 0.15350285758895593 0.0002796025704595623 0.000163471959083754
0.00022604687425705245 0.18697145871953832 0.00036355210145155696 0.000199040377780961
0.0007384897584918167 0.23549793399647717 0.0004711925276378673 0.000250584885047483
0.005228656430398067 45.31094857325903 0.09278907195313175 0.048
0.005708391753823868 48.31334839201465 0.11530816279600298 0.051173333333333335
0.00623543758307649 51.317260007428175 0.14164250878441362 0.05434666666666667
0.006809595256062543 54.3228261111205 0.17207120050359817 0.05752
0.007430538213922363 57.33018883056763 0.20686540788213303 0.060693333333333335
0.008097845197564261 60.33948941452908 0.24628884660509612 0.06386666666666667
0.008811024803315635 63.350868003380015 0.29059820369267003 0.06704
0.009569534414442213 66.36446346403365 0.3400435618898973 0.07021333333333334
0.010372795680032187 69.38041327437206 0.3948688713119897 0.07338666666666667
0.011220205421391214 72.39885344587613 0.45531232599494964 0.07656
0.012111144729727375 75.41991847584889 0.5216067671680672 0.07973333333333332
0.013044985982060161 78.44374132264079 0.5939800606873219 0.08290666666666666
0.014021098391579837 81.47045339876475 0.6726554606182098 0.08607999999999999
0.015038852015185839 84.50018457791796 0.7578519256886544 0.08925333333333332
0.016097621905392205 87.53306321278419 0.8497845082255729 0.09242666666666666
0.01719678942296381 90.56921616113185 0.9486645490631914 0.09559999999999999
0.01833574534939858 93.60876881825357 1.0547000580119221 0.09877333333333332
0.019513891033148496 96.65184515416456 1.168095953260508 0.10194666666666666
0.02073063926441344 99.69856775431435 1.2890542893825623 0.10511999999999999
0.02198541547648879 102.74905786279076 1.4177745316597914 0.10829333333333332
0.023277658053975886 105.803435427203 1.554453754278347 0.11146666666666666
0.024606818887165555 108.86181914459026 1.699286869472895 0.11463999999999999
0.02597236336374346 111.92432650781711 1.8524668019386692 0.11781333333333333
0.02737377042129595 114.99107385202977 2.014184669505089 0.12098666666666667
0.02881053268627757 118.06217640082487 2.184629975069094 0.12415999999999999
0.03028215626333445 121.13774831184965 2.363990758377019 0.12733333333333333
0.031788160118111815 124.21790272160649 2.55245369289066 0.13050666666666666
0.03332807630513049 127.30275178928689 2.750204281458106 0.13368000000000002
0.034901449487004285 130.39240673948242 2.957426963240399 0.13685333333333333
0.03650783636721034 133.48697790366685 3.1743052008359474 0.14002666666666666
0.038146805439228396 136.58657476035486 3.401021602082309 0.1432
0.03981793666416314 139.69130597387297 3.637758028377139 0.14637333333333336
0.041520820751342655 142.80127943168807 3.8846956402057224 0.14954666666666666
0.04325505881911098 145.91660228026004 4.142014987197031 0.15272
0.04502026222541529 149.0373809593887 4.409896119360962 0.15589333333333333
0.04681605158328772 152.16372123504084 4.688518569092633 0.15906666666666666
0.048642056714512986 155.29572824257875 4.978061453565856 0.16224
0.05049791579312694 158.43350645688193 5.278703517143787 0.16541333333333333
0.052383275420690274 161.57715983988194 5.590623134974054 0.16858666666666666
0.054297789716904646 164.72679174799336 5.913998390704684 0.17176
0.056241119836273085 167.88250501697516 6.249007032493233 0.17493333333333333
0.05821293374448972 171.04440196066818 6.595826551532377 0.17810666666666664
0.06021290585999207 174.21258445854193 6.954634142983705 0.18128
0.06224071615580541 177.38715384589455 7.325606757334396 0.18445333333333336
0.06429605026464891 180.56821106380963 7.708921062042957 0.18762666666666666
0.06637859872118926 183.75585661180864 8.104753437377845 0.19079999999999997
0.0684880565852924 186.95019057747498 8.513279953638262 0.19397333333333333
0.07062412325488326 190.15131265165442 8.93467639245929 0.1971466666666667
0.07278650185212009 193.3593221423222 9.369118178898473 0.20032
0.07497489883861833 196.5743179871389 9.816780348647665 0.2034933333333333
0.07718902382084374 199.79639876472663 10.277837547857473 0.20666666666666667
0.07942858929915339 203.02566270468947 10.752464017650153 0.20984000000000003
0.0816933097526863 206.26220769641193 11.240833429570039 0.21301333333333333
0.08398290204756749 209.5061312966585 11.743118994175736 0.21618666666666664
0.08629708454587597 212.75753072385066 12.259493299295587 0.21936
0.08863557715999779 216.0165029241684 12.7901282721278 0.2225333333333333
0.09099810093550087 219.28314445414054 13.33519521576651 0.22570666666666667
0.09338437764893127 222.55755160537169 13.89486459690264 0.22887999999999997
0.09579412991965996 225.83982034582166 14.469306130451832 0.23205333333333333
0.09822708029146254 229.13004633303444 15.058688542382097 0.23522666666666664
0.10068295191144211 232.42832491423306 15.663179719631454 0.2384
0.10316146741947729 235.73475112547132 16.28294642484179 0.2415733333333333
0.10566234923867714 239.04941968987274 16.91815434339871 0.24474666666666667
0.10818531932906988 242.37242501499588 17.568967997450304 0.24791999999999997
0.11073009895060047 245.7038611893592 18.23555065612319 0.25109333333333334
0.11329640834307947 249.0438219781573 18.91806421729037 0.25426666666666664
0.11588396683180449 252.39240081820896 19.61666919674651 0.25744
0.1184924924772972 255.74969081216943 20.33152459333821 0.2606133333333333
0.12112170208097117 259.11578472204553 21.062787844434336 0.2637866666666666
0.12377131098863145 262.49077496204677 21.81061472311373 0.26696000000000003
0.12644103311232552 265.8747535908143 22.575159292445964 0.27013333333333334
0.1291305805534361 269.26781232286135 23.35657372271688 0.27330666666666664
0.13183966381940668 272.6700424206697 24.155008392992347 0.27648
0.13456799172567108 276.0815348832549 24.970611605068623 0.2796533333333333
0.13731527120155554 279.50238023828695 25.803529660249545 0.28282666666666667
0.140081207282227 282.9326686307507 26.653906690342946 0.286
0.14286550325549754 286.37248979242 27.521884654304003 0.28917333333333334
0.1456678603098522 289.8219330307685 28.407603158572442 0.2923466666666667
0.14848797797404736 293.2810872175587 29.311199521961957 0.29552
0.15132555377913795 296.7500407771482 30.23280859608755 0.2986933333333333
0.15418028338920295 300.2288816745492 31.172562730505543 0.3018666666666666
0.1570518606515634 303.7176974032782 32.13059171245906 0.30504
0.15993997766374668 307.2165749730329 33.107022711829266 0.30821333333333334
0.16284432463285547 310.72560089723606 34.10198015444726 0.31138666666666664
0.1657645903382329 314.24486118047656 35.11558580046585 0.31455999999999995
0.1687004617424644 317.7744413058893 36.14795853198355 0.3177333333333333
0.17165162441406034 321.3144262225025 37.19921441912295 0.3209066666666667
0.17461776243964294 324.8649003325916 38.26946661040687 0.32408
0.1775985585432063 328.425947479071 39.35882529494914 0.3272533333333333
0.1805936942050928 331.9976509329542 40.46739766591978 0.33042666666666665
0.1836028499075265 335.5800933809167 41.59528793315493 0.33359999999999995
0.18662570501211032 339.1733569129911 42.74259720026128 0.3367733333333333
0.1896619379976881 342.77752301042193 43.909423475714185 0.3399466666666667
0.19271122665444845 346.3926725337108 45.095861671744494 0.34312
0.19577324810217395 350.0188857108793 46.30200353730989 0.34629333333333334
0.19884767900743666 353.65624212132525 47.52793767427856 0.3494666666666666
0.20193419573920338 357.30482070782335 48.77374950531187 0.35263999999999995
0.2050324744312616 360.96469971912825 50.03952127602679 0.3558133333333333
0.20814219117317598 364.635956745805 51.32533201791417 0.3589866666666666
0.21126302219500753 368.3186686867065 52.631257582401574 0.36216
0.2143946439469475 372.01291174367464 53.95737060629171 0.3653333333333333
0.2175367334005751 375.718761433496 55.303740556788426 0.36850666666666665
0.22068896798808949 379.4362924710821 56.67043375555528 0.37168
0.22385102596579068 383.16557897594515 58.057513263913094 0.3748533333333333
0.22702258637193506 386.9066942485656 59.46503902740964 0.3780266666666666
0.23020332945631797 390.659710870076 60.8930679080609 0.3812
0.23339293652008336 394.4247006732276 62.341653588643666 0.3843733333333333
0.23659109028742945 398.2017347325269 63.81084669803303 0.3875466666666666
0.23979747494832973 401.9908833716386 65.30069477676652 0.39072
0.24301177639885707 405.7922161149588 66.81124239284627 0.3938933333333333
0.24623368232274595 409.6058017812452 68.34253104701075 0.3970666666666667
0.2494628822718573 413.43170832182153 69.89459933537051 0.40024
0.2526990680541491 417.2700029612149 71.46748296241927 0.4034133333333333
0.25594193358791656 421.1207521216064 73.06121471910913 0.40658666666666665
0.25919117511539436 424.98402143329776 74.67582454986209 0.40975999999999996
0.2624464914838306 428.8598757313966 76.311339674646 0.41293333333333326
0.26570758407921824 432.7483790378894 77.96778455788672 0.4161066666666666
0.2689741570908751 436.6495946346735 79.64518095545023 0.41928
0.27224591748250376 440.56358491082864 81.34354804353104 0.4224533333333333
0.275522575290664 444.49041151198116 83.06290241777752 0.4256266666666667
0.27880384350147003 448.43013526389467 84.80325810405371 0.42879999999999996
0.2820894384628452 452.38281618700125 86.56462676344141 0.4319733333333333
0.2853790795928126 456.3485134962861 88.34701754339702 0.4351466666666666
0.28867248980320753 460.3272856016054 90.15043731314914 0.43831999999999993
0.2919693955233588 464.3191901084262 91.97489069177287 0.4414933333333334
0.2952695265425164 468.3242838189774 93.82037997588364 0.44466666666666665
0.29857261642461586 472.34262273380597 95.68690538759381 0.44784
0.30187840239509417 476.3742620537205 97.57446503486678 0.4510133333333333
0.3051866253537425 480.41925618212167 99.48305494184208 0.4541866666666666
0.30849703009089474 484.4776587276961 101.41266919966397 0.45736
0.31180936527656755 488.54952252422413 103.36329997492372 0.46053333333333335
0.3151233834541375 492.6348995502222 105.33493762202585 0.4637066666666666
0.3184388411575149 496.73384111718207 107.32757060278712 0.46687999999999996
0.32175549893766314 500.8463976040384 109.34118581027421 0.4700533333333333
0.32507312138265276 504.9726188007707 111.37576828206767 0.47322666666666663
0.3283914771369242 509.1125535552648 113.43130161211558 0.47639999999999993
0.33171033898822067 513.2662500343371 115.50776779332188 0.47957333333333324
0.33502948378131114 517.4337556263905 117.6051473134401 0.48274666666666666
0.3383486925791136 521.6151169639921 119.72341928817384 0.48592
0.3416677505624257 525.8103799295832 121.86256144967582 0.4890933333333333
0.34498644699340064 530.0195896434609 124.02255019243829 0.49226666666666663
0.3483045754322059 534.2427905597342 126.2033606787906 0.49544
0.3516219334696033 538.4800262930927 128.40496690089947 0.4986133333333333
0.3549383229686969 542.7313398049603 130.62734171774966 0.5017866666666667
0.3582535498806615 546.9967733204344 132.8704568829217 0.50496
0.3615674242534109 551.2763683531541 135.13428309156217 0.5081333333333333
0.3648797603580462 555.5701657123627 137.41879012896254 0.5113066666666667
0.36819037653535663 559.8782055101176 139.72394683001463 0.5144799999999999
0.3714990951306664 564.2005271686319 142.04972109674964 0.5176533333333333
0.374805742702419 568.5371694277412 144.39608011016725 0.5208266666666667
0.3781101497070375 572.8881703524809 146.76299017532048 0.5239999999999999
0.3814121506605144 577.2535673600644 149.15041688250386 0.5271733333333333
0.3847115840693293 581.6333971311487 151.55832522343368 0.5303466666666667
0.3880082923521773 586.0276958106964 153.9866794101223 0.53352
0.3913021218603496 590.4364988032146 156.43544317173536 0.5366933333333334
0.3945929227543279 594.8598409755947 158.90457953817184 0.5398666666666667
0.397880549096498 599.2977564292372 161.39405121552093 0.54304
0.40116485866509116 603.7502788145255 163.90382021087336 0.5462133333333333
0.40444571301186183 608.2174409908321 166.4338482944905 0.5493866666666667
0.4077229773839886 612.6992753547098 168.98409669189053 0.55256
0.41099652062905057 617.1958136472554 171.55452628194394 0.5557333333333333
0.41426621527668805 621.7070870328174 174.14509766199873 0.5589066666666667
0.4175319373303028 626.2331260970527 176.7557710660855 0.56208
0.42079356636336135 630.7739608523387 179.38650651539902 0.5652533333333334
0.4240509853213148 635.3296207598197 182.037263717407 0.5684266666666666
0.4273040806005747 639.9001347064509 184.70800223158884 0.5716
0.43055274193209336 644.4855310577299 187.39868140206457 0.5747733333333334
0.4337968623429329 649.0858376182566 190.10926044446032 0.5779466666666666
0.43703633807271813 653.7010816762747 192.83969841057223 0.58112
0.44027106860453563 658.3312900029024 195.58995429402304 0.5842933333333334
0.4435009564968837 662.9764888135483 198.35998700535967 0.5874666666666667
0.44672590739777024 667.6367039053705 201.14975532348248 0.59064
0.4499458299815667 672.3119604864158 203.95921808988942 0.5938133333333334
0.4531606358934281 677.0022833221554 206.78833409092724 0.5969866666666667
0.4563702396892112 681.7076966833183 209.63706213374923 0.60016
0.45957455878138015 686.4282243768441 212.50536104330754 0.6033333333333334
0.46277351336712735 691.1638897268697 215.3931896922003 0.6065066666666666
0.465967026405975 695.9147156090467 218.30050702057522 0.60968
0.46915502355866656 700.6807244447408 221.22727206085418 0.6128533333333334
0.4723374330805226 705.4619382111816 224.17344390275795 0.6160266666666666
0.475514185888908 710.2583784603111 227.13898180926176 0.6192
0.4786852153687317 715.0700662688972 230.12384515816248 0.6223733333333333
0.4818504573823742 719.8970223602155 233.1279933991364 0.6255466666666667
0.48500985026000937 724.7392669792713 236.15138624015356 0.62872
0.488163334652006 729.5968200447113 239.19398342440869 0.6318933333333334
0.49131085357962223 734.469700992686 242.255745003225 0.6350666666666668
0.4944523522967219 739.3579288326476 245.3366312145621 0.6382400000000001
0.497587778270988 744.2615223456651 248.43660233221823 0.6414133333333334
0.5007170811867201 749.1804997712428 251.5556190483804 0.6445866666666668
0.5038402127831889 754.114879091393 254.69364209431401 0.6477599999999999
0.5069571269049433 759.0646778380581 257.8506325465313 0.6509333333333334
0.5100677794164173 764.0299131917861 261.0265517061295 0.6541066666666666
0.5131721281569875 769.0106020334429 264.2213610638001 0.65728
0.5162701328614786 774.0067608617076 267.4350223619067 0.6604533333333333
0.5193617551764907 779.0184058246986 270.66749764011604 0.6636266666666668
0.5224469585778986 784.0455527466115 273.918749183259 0.6668000000000001
0.5255257083405179 789.0882171281063 277.18873954795896 0.6699733333333333
0.5285979714275245 794.1464141321537 280.47743151699547 0.6731466666666666
0.5316637165789063 799.220158602273 283.78478823221917 0.67632
0.5347229141452942 804.3094651232577 287.1107730124272 0.6794933333333333
0.5377755361110812 809.4143478640358 290.4553495898112 0.6826666666666666
0.5408215560363745 814.5348207851956 293.8184818937941 0.68584
0.5438609489998777 819.6708975631449 297.2001341171713 0.6890133333333334
0.546893691601729 824.8225915115213 300.6002708503725 0.6921866666666667
0.5499197618647508 829.9899156771689 304.0188569269018 0.69536
0.552939139259225 835.1728828597415 307.4558574819928 0.6985333333333335
0.5559518046142049 840.3715055989514 310.9112379150227 0.7017066666666667
0.5589577401132634 845.5857961305211 314.3849639773135 0.7048800000000001
0.5619569292416259 850.8157663799416 317.87700176580387 0.7080533333333333
0.5649493567566791 856.0614281515499 321.38731754686614 0.7112266666666667
0.5679350086630175 861.32279283299 324.91587806925645 0.7144
0.570913872136963 866.5998716896556 328.4626502260535 0.7175733333333333
0.5738859355546574 871.8926756807084 332.0276013163692 0.7207466666666666
0.5768511884086388 877.2012155385233 335.61069891049885 0.72392
0.5798096213263827 882.5255017599494 339.2119109240061 0.7270933333333333
0.5827612259703088 887.8655446081456 342.8312055369406 0.7302666666666666
0.5857059950692017 893.221354136993 346.46855124860406 0.7334400000000001
0.5886439223484139 898.59294013396 350.12391688971775 0.7366133333333333
0.5915750025406078 903.9803122222106 353.79727157343143 0.7397866666666667
0.5944992313102211 909.3834797757411 357.48858472511284 0.7429600000000001
0.5974166052670558 914.8024519716142 361.1978260851651 0.7461333333333333
0.6003271219039085 920.237237790739 364.9249656669271 0.7493066666666667
0.603230779608975 925.6878459568204 368.66997387025214 0.75248
0.6061275775926639 931.1542851074544 372.43282125252404 0.7556533333333334
0.6090175159049322 936.6365635256575 376.213478854498 0.7588266666666668
0.6119005953950414 942.1346894651167 380.0119178576982 0.762
0.6147768176715008 947.6486708765095 383.828109839193 0.7651733333333335
0.6176461850882389 953.1785156043636 387.66202658917996 0.7683466666666666
0.6205087007576335 958.724231265027 391.5136402833533 0.77152
0.623364368463371 964.285825312308 395.3829233325438 0.7746933333333333
0.6262131926793252 969.8633050265928 399.2698484494966 0.7778666666666667
0.6290551785397787 975.4566775327763 403.1743886211901 0.78104
0.6318903318342515 981.0659497303747 407.0965172018119 0.7842133333333333
0.6347186589549173 986.6911284250098 411.03620773814464 0.7873866666666667
0.637540166884224 992.332220275072 414.99343403368607 0.79056
0.6403548632141289 997.9892316883103 418.9681703072511 0.7937333333333334
0.6431627560644149 1003.6621689898178 422.96039093763846 0.7969066666666667
0.6459638541256799 1009.3510383488345 426.97007062413513 0.80008
0.6487581665907228 1015.0558457183085 430.99718437567014 0.8032533333333334
0.6515457031748954 1020.7765970393714 435.0417073608674 0.8064266666666667
0.6543264740712036 1026.513297958042 439.10361515171 0.8096
0.6571004899579699 1032.265954123021 443.1828834612984 0.8127733333333333
0.6598677619646152 1038.0345709169278 447.2794883866845 0.8159466666666668
0.6626283016609178 1043.8191536487213 451.39340622384805 0.81912
0.6653821210464742 1049.6197075211885 455.52461350753055 0.8222933333333333
0.668129232522896 1055.436237577977 459.6730870449708 0.8254666666666667
0.6708696489091248 1061.2687487037053 463.8388039608968 0.8286399999999999
0.6736033833770431 1067.117245704195 468.0217415411867 0.8318133333333333
0.6763304494960799 1072.9817332245918 472.22187740339456 0.8349866666666668
0.6790508611670876 1078.8622158649034 476.43918930055014 0.83816
0.6817646326528991 1084.7586980504807 480.67365531755945 0.8413333333333333
0.6844717785218433 1090.6711840225805 484.92525381243365 0.8445066666666667
0.6871723136861393 1096.5996780305559 489.19396330308854 0.84768
0.6898662533484724 1102.5441842079729 493.4797625262109 0.8508533333333332
0.6925536129995664 1108.504706450803 497.7826305728613 0.8540266666666667
0.6952344084305365 1114.481248642548 502.1025467010526 0.8572
0.6979086556793384 1120.4738146433665 506.43949027804064 0.8603733333333333
0.7005763710625614 1126.4824080258636 510.7934411125185 0.8635466666666667
0.7032375711430179 1132.50703237528 515.1643791187535 0.8667200000000002
0.7058922727103146 1138.5476911757821 519.5522844142758 0.8698933333333333
0.708540492797134 1144.604387760398 523.9571374124286 0.8730666666666667
0.7111822486512582 1150.6771254356584 528.3789186670617 0.8762399999999999
0.7138175577233167 1156.765907383031 532.8176089653648 0.8794133333333333
0.7164464376892976 1162.870736656435 537.2731893830783 0.8825866666666666
0.7190689063853433 1168.9916162438205 541.7456411271248 0.8857599999999999
0.7216849818454932 1175.1285491253275 546.2349455548514 0.8889333333333334
0.7242946822922046 1181.281538036636 550.7410844087894 0.8921066666666666
0.7268980260924551 1187.450585778227 555.264039445045 0.8952800000000001
0.7294950317894766 1193.635694970094 559.8037927461228 0.8984533333333333
0.7320857180618471 1199.8368681744953 564.360326539707 0.9016266666666666
0.7346701037524261 1206.0541078864715 568.9336232710948 0.9047999999999999
0.7372482078209627 1212.2874165639241 573.5236655017227 0.9079733333333333
0.7398200493729975 1218.536796464827 578.1304361346563 0.9111466666666665
0.742385647622805 1224.8022499137708 582.7539180934731 0.9143200000000001
0.7449450219164007 1231.083779109213 587.3940945673287 0.9174933333333334
0.7474981916985102 1237.38138606747 592.0509490183496 0.9206666666666667
0.7500451765165039 1243.6950728796778 596.7244649419833 0.92384
0.7525859960224884 1250.0248415851456 601.4146260078777 0.9270133333333334
0.7551206699625326 1256.3706939637345 606.1214162579673 0.9301866666666667
0.757649218155415 1262.7326318964638 610.8448197160598 0.9333600000000002
0.7601716605078277 1269.1106572221072 615.5848205687737 0.9365333333333334
0.7626880170047008 1275.504771537208 620.3414033569707 0.9397066666666667
0.7651983077027286 1281.9149765327663 625.114552636016 0.94288
0.7677025527037534 1288.3412737756928 629.9042531522631 0.9460533333333334
0.770200772196365 1294.7836647892975 634.7104898503693 0.9492266666666667
0.772692986407709 1301.2421510187935 639.5332478241885 0.9524
0.7751792156188703 1307.7167338321287 644.3725123532237 0.9555733333333334
0.7776594801535716 1314.2074146113328 649.2282687972486 0.9587466666666666
0.7801338003788986 1320.7141946276672 654.1005027301474 0.96192
0.782602196707799 1327.2370750964624 658.9891998976714 0.9650933333333334
0.7850646895732643 1333.7760571792287 663.89434617156 0.9682666666666666
0.7875212994487606 1340.331141968788 668.8159276118213 0.9714400000000001
0.789972046816934 1346.9023306000886 673.7539303002379 0.9746133333333333
0.7924169522010319 1353.4896240333323 678.7083406268873 0.9777866666666666
0.7948560361301429 1360.0930232584833 683.6791450222056 0.98096
0.797289319150771 1366.7125291309312 688.6663301507527 0.9841333333333333
0.7997168218268966 1373.3481425684856 693.6698827206711 0.9873066666666667
0.8021385647183203 1379.9998643850563 698.6897896113301 0.9904799999999999
0.8045545683960494 1386.667695293451 703.7260379078011 0.9936533333333333
0.8069648534359718 1393.3516360547892 708.7786147441509 0.9968266666666666
0.8093694404050013 1400.0516873705355 713.8475073877847 0.9999999999999999
