-0.008739107133080582 2.334831460674157e-07 3.29169392987548e-12 2.506e-10
-0.008697200242719447 1.4730337078651685e-06 6.09769735775452e-11 1.581e-09
-0.008572305012198226 3.7011235955056183e-06 2.4447047018121915e-10 3.972e-09
-0.008573992835388166 4.658988764044944e-06 3.2873183397674043e-10 5e-09
-0.008318058721449589 9.297752808988764e-06 8.969959721555858e-10 9.976e-09
-0.008113319983618729 3.703370786516854e-05 6.288348069606405e-09 3.973e-08
-0.008124852323517001 7.387640449438202e-05 1.627719520204282e-08 7.926e-08
-0.007524846507521317 0.0001856741573033708 5.461986623481189e-08 1.991e-07
-0.00744728009911646 0.00029432584269662923 1.0182623265794069e-07 3.156e-07
-0.00723359798688511 0.00046646067415730336 1.8933803481946125e-07 5.001e-07
-0.006535361339286257 0.0005876404494382023 2.580973079463702e-07 6.296e-07
-0.006529583409574017 0.0009022471910112359 4.2880783059145066e-07 9.667e-07
-0.006505891457749445 0.0014297752808988765 7.951072310675296e-07 1.532e-06
-0.006119858703288035 0.0023404494382022476 1.4726986135181602e-06 2.507e-06
-0.0056788162855801825 0.0037112359550561798 2.726617721632519e-06 3.974e-06
-0.005371705595367415 0.0045117977528089884 3.539227313132353e-06 4.83e-06
-0.005415265109683517 0.005679775280898876 4.814399287485938e-06 6.081e-06
-0.004928835017800712 0.007410112359550562 6.550883476090966e-06 7.93e-06
-0.004442863424456737 0.009331460674157303 8.907451291440485e-06 9.982e-06
-0.0046732258882104865 0.011747191011235955 1.211413375635906e-05 1.257e-05
-0.004140442198501439 0.014230337078651685 1.5645860057877567e-05 1.522e-05
-0.0036559535217570655 0.018623595505617978 2.127786961127257e-05 1.991e-05
-0.0035975214645441057 0.02344943820224719 2.8928901457394078e-05 2.507e-05
-0.0024383036874875284 0.026134831460674152 3.3548274442920055e-05 2.791e-05
-0.0020914252926002783 0.03565730337078652 4.946292075029372e-05 3.807e-05
-0.0016375597880562514 0.04743820224719101 7.044700074002403e-05 5.063e-05
-0.0010022354673839796 0.06179775280898876 9.757565941009542e-05 6.592e-05
-0.0003504347304294309 0.07910112359550563 0.00013183027911331917 8.433e-05
0.0002128934848089467 0.09966292134831461 0.00017439852002188737 0.0001062
0.00045254080785545243 0.12398876404494383 0.00022659305916822282 0.0001321
0.0008112909718346844 0.15247191011235955 0.0002897265735847484 0.0001624
0.0010733428531341169 0.15870786516853932 0.00030372846193059167 0.000169
0.0009712964999142881 0.1651685393258427 0.00031835543457758863 0.0001759
0.0007656080290999093 0.1717977528089888 0.00033341996623539335 0.000183
0.0013086900149400038 0.17865168539325843 0.0003490470737642362 0.0001902
0.00120265943470661 0.18567415730337075 0.0003652367571641175 0.0001977
0.0012956491644536812 0.19292134831460675 0.0003818639995748064 0.0002054
0.001358440152290542 0.19528089887640449 0.00038736474142495915 0.0002079
0.0013545457061959504 0.195561797752809 0.0003880523341562283 0.0002082
0.0010491535683066066 0.1963483146067416 0.0003884898931670359 0.0002091
0.0014913041601321009 0.20292134831460673 0.00039736609024341866 0.000216
0.0012674262112790185 0.2095505617977528 0.00040430452598622487 0.0002231
0.0015556642066468392 0.21713483146067414 0.0004113679785892619 0.0002311
0.0016371862058215502 0.22561797752808987 0.00041880648177299116 0.0002401
0.001216620366161027 0.2348314606741573 0.00042649501867718197 0.00025
0.0013659467913910053 0.24831460674157305 0.00043724646865702586 0.0002643
0.0016901977775866624 0.2869662921348315 0.00046681295610159675 0.0003053
0.001725695515508943 0.3321348314606742 0.0005010050673747051 0.0003533
0.0018269671876334948 0.38325842696629214 0.0005403228699172739 0.0004076
0.0018861986478773249 0.4401123595505617 0.0005855164648906877 0.000468
0.0021067735231802332 0.5024157303370786 0.0006369609028756388 0.0005341
0.0025298481668564023 0.5702247191011236 0.0006957188271840884 0.0006059
0.002184041632221332 0.7207865168539326 0.0008357377106425212 0.0007661
0.0023992879339645606 1.1876404494382022 0.0013470566689862628 0.001262
0.0032995802217625414 1.7848314606741573 0.002142163900053792 0.001895
0.00377923370957296 2.5185393258426965 0.003292944098477788 0.002673
0.004438859978446159 3.3994382022471914 0.004874407380396695 0.003606
0.004883598988630238 4.441573033707865 0.006969689957863958 0.00471
0.00575934740266783 7.073033707865169 0.013058011051101173 0.007496
0.0065045751822021105 10.573033707865168 0.02240302135334926 0.0112
0.008040650874235 15.123595505617978 0.0360111065894657 0.016
0.009298661015344628 20.882022471910112 0.05508242861766566 0.02207
0.010168076199338207 27.91011235955056 0.08094841699940651 0.02948
0.01192955704859299 40.46067415730337 0.13514322590943384 0.04268
0.014003244454420026 59.044943820224724 0.24046993065383546 0.0622
0.014983836171616199 69.49438202247191 0.3154175383621662 0.07317
0.01496852527229006 72.13483146067415 0.335732778149662 0.07596
0.01896541307500562 95.1685393258427 0.6197710845939115 0.1
0.028941675119152688 143.25842696629215 1.8646264703415416 0.15
0.043404474352506175 191.96629213483146 4.349961651728726 0.2
0.06201724826682588 241.46067415730334 8.544902396771327 0.25
0.08465125508826715 292.0224719101124 14.852002995412343 0.3
0.11069575235908208 343.8202247191011 23.64693911264516 0.35
0.13979974885951102 397.07865168539325 35.2860088001274 0.4
0.17160487536157543 452.02247191011236 50.10675758048205 0.45
0.20559433990289488 508.76404494382024 68.44673097633215 0.5
0.24126707488881372 567.4157303370787 90.57471523717378 0.55
0.27909351452608844 628.6516853932585 116.82825588562993 0.6
0.3173440411021744 691.5730337078651 147.51989507227748 0.65
0.3575413595238166 757.8651685393259 182.83715808746254 0.7
0.3980476527354289 826.4044943820224 223.15509551187742 0.75
0.43907261424320904 897.7528089887641 268.6612326358681 0.8
0.4803303737161755 971.9101123595506 319.6056031798961 0.85
0.5219580102520042 1049.438202247191 376.17573243430763 0.9
0.5637402483966975 1130.3370786516853 438.6841625496794 0.95
0.6053652809009699 1214.6067415730336 507.19340195612693 1.0
0.64700658214478 1302.808988764045 581.9534843741117 1.05
0.6882233000177366 1394.38202247191 663.214443524095 1.1
0.7289828845548176 1489.887640449438 750.7262456856157 1.15
0.7693900613049671 1589.3258426966293 845.1139751598271 1.2
0.8092795879967662 1692.6966292134832 946.3776319467295 1.25
0.8489491098338234 1800.5617977528088 1055.1423003474763 1.3
0.8876369384349863 1912.3595505617977 1170.1578117597603 1.35
0.9258868125344955 2028.6516853932583 1292.6743347858892 1.4
0.9634184579149423 2149.4382022471914 1422.066785124709 1.45
1.0006643871125382 2275.2808988764045 1559.585331378527 1.5
1.03706517194216 2405.61797752809 1703.9798049450358 1.55
1.0420447225870915 2424.157303370787 1724.6075868831085 1.557
1.0491475155167784 2450.561797752809 1754.6116333384869 1.567
1.0563895491870754 2477.528089887641 1785.2407640950194 1.577
1.0634892228065083 2504.494382022472 1815.8698948515516 1.587
1.070579182825133 2532.0224719101125 1846.4990256080835 1.597
1.0776727958386716 2559.5505617977533 1877.7532406657695 1.607
1.084629626116077 2587.078651685393 1909.0074557234555 1.617
1.0917142961865423 2615.168539325843 1940.886755082295 1.627
1.0987988836900395 2643.2584269662925 1973.3911387422881 1.637
1.1058686096129264 2671.9101123595506 2005.895522402282 1.647
1.112685710010722 2700.0 2038.3999060622752 1.657
1.1196229764448955 2728.651685393258 2071.5293740234224 1.667
1.1265461062875533 2757.865168539326 2104.6588419845693 1.677
1.133467316172581 2787.078651685393 2138.41339424687 1.687
1.1402602172498366 2816.2921348314603 2172.1679465091706 1.697
1.1470522336106466 2845.5056179775283 2206.547583072625 1.707
1.1539520930005642 2875.2808988764045 2241.552303937234 1.717
1.1607255803771133 2905.056179775281 2276.557024801842 1.727
1.1674833641589564 2935.3932584269664 2311.5617456664495 1.737
1.1742368564397683 2965.7303370786517 2347.1915508322118 1.747
1.180868937928173 2996.0674157303374 2382.821355997974 1.757
1.1876009539796752 3026.9662921348313 2419.07624546489 1.767
1.1942129394777252 3057.8651685393256 2455.331134931805 1.777
1.2008202259642178 3088.76404494382 2492.2111086998743 1.787
1.2075214169236632 3120.2247191011234 2529.7161667690975 1.797
1.214104567126915 3151.6853932584268 2567.2212248383207 1.807
1.220669967147693 3183.7078651685392 2604.7262829075435 1.817
1.227228072573612 3215.7303370786512 2642.8564252779206 1.827
1.2337781697975878 3247.752808988764 2681.6116519494512 1.837
1.24011121960742 3279.775280898876 2719.7417943198275 1.847
1.2466353300827537 3312.3595505617977 2759.122105292512 1.857
1.2531393812409308 3345.505617977528 2798.502416265196 1.867
1.259633314620447 3378.651685393258 2838.5078115390343 1.877
1.2660171825450577 3411.7977528089887 2878.5132068128723 1.887
1.2722938865870723 3444.943820224719 2918.518602086711 1.897
1.2786506016753993 3478.651685393258 2959.1490816617024 1.907
1.2850837093422525 3512.9213483146073 3000.4046455378475 1.917
1.2913242960476636 3546.6292134831465 3041.6602094139926 1.927
1.2976404470559422 3580.8988764044943 3083.540857591292 1.937
1.3039360227971781 3615.7303370786517 3125.4215057685915 1.947
1.3102201522215104 3650.561797752809 3167.927238247044 1.957
1.3164017371474859 3685.393258426966 3210.432970725497 1.967
1.3225730199231176 3720.2247191011234 3253.5637875051034 1.977
1.328724567554157 3755.6179775280903 3296.69460428471 1.987
1.3349438883480835 3791.5730337078653 3340.45050536547 1.997
